0.0001	-0.24598355451905832
0.000162377673918872	-0.23486880752877748
0.000263665089873035	-0.21787264250508184
0.000428133239871938	-0.20791936795646238
0.000695192796177558	-0.1864937641082306
0.00112883789168468	-0.1557787529367869
0.00183298071083242	-0.12468597878090709
0.0029763514416313	-0.09273844151786456
0.00483293023857171	-0.0470000861690463
0.00784759970351453	0.012155018346212056
0.0127427498570312	0.08291208595917576
0.0206913808111476	0.15622092439741844
0.0335981828628374	0.23386342958768064
0.0545559478116844	0.2866504350976793
0.0885866790410069	0.3069140543031186
0.143844988828764	0.30917167229874293
0.233572146909008	0.3138174273224131
0.379269019073218	0.30931648788946126
0.615848211066014	0.30905657659770225
0.999999999999979	0.30850914186451805