0.0001	-4.511861309371161
0.000162377673918872	-4.346311719418459
0.000263665089873035	-4.1875812856504755
0.000428133239871938	-3.9678695134474355
0.000695192796177558	-3.6127243792825956
0.00112883789168468	-3.1848264060510028
0.00183298071083242	-2.5940838159132302
0.0029763514416313	-1.862027801379366
0.00483293023857171	-1.0007851778637429
0.00784759970351453	0.03582277119934199
0.0127427498570312	1.1057042218098085
0.0206913808111476	2.1316960529815154
0.0335981828628374	3.2767739231207695
0.0545559478116844	4.214131925253044
0.0885866790410069	4.920532278656747
0.143844988828764	5.2929185593475525
0.233572146909008	5.463127521142605
0.379269019073218	5.521312665387512
0.615848211066014	5.463614706399217
0.999999999999979	5.499161376712474