0.0001	-0.3133051089698229
0.000162377673918872	-0.3005259082669869
0.000263665089873035	-0.2809094907020341
0.000428133239871938	-0.2582185377066167
0.000695192796177558	-0.22703137883336288
0.00112883789168468	-0.19325643546939475
0.00183298071083242	-0.15158026605631963
0.0029763514416313	-0.09846551415803226
0.00483293023857171	-0.043745206332898426
0.00784759970351453	0.033278452799281516
0.0127427498570312	0.1282871011371863
0.0206913808111476	0.22622382643657057
0.0335981828628374	0.3159157978427414
0.0545559478116844	0.37073795832920814
0.0885866790410069	0.3936649864863455
0.143844988828764	0.3954698114598771
0.233572146909008	0.3863654322469995
0.379269019073218	0.3972068807189823
0.615848211066014	0.3947139565080084
0.999999999999979	0.39903304339787166