0.0001	-0.3200331034528928
0.000162377673918872	-0.302161800675674
0.000263665089873035	-0.28376218096282907
0.000428133239871938	-0.2589036152887655
0.000695192796177558	-0.2243992522512933
0.00112883789168468	-0.19161191055328702
0.00183298071083242	-0.15077183287875762
0.0029763514416313	-0.09986045642985968
0.00483293023857171	-0.03766698789762987
0.00784759970351453	0.04003320144320705
0.0127427498570312	0.13415236657005386
0.0206913808111476	0.23435803547008843
0.0335981828628374	0.3133906176223302
0.0545559478116844	0.3683738714920263
0.0885866790410069	0.39262895595731134
0.143844988828764	0.39108869293960424
0.233572146909008	0.3955396425951613
0.379269019073218	0.39500550970271664
0.615848211066014	0.4024688433566408
0.999999999999979	0.3988238374174623