0.0001	-3.472520030351463
0.000162377673918872	-3.371595495187038
0.000263665089873035	-3.2629279428010216
0.000428133239871938	-3.0329427970794636
0.000695192796177558	-2.7952092480092228
0.00112883789168468	-2.417692380601168
0.00183298071083242	-1.968682988229351
0.0029763514416313	-1.3604871351313639
0.00483293023857171	-0.6632820095470644
0.00784759970351453	0.09364879571611778
0.0127427498570312	1.0404743947860815
0.0206913808111476	1.8974143183480852
0.0335981828628374	2.7217217347454064
0.0545559478116844	3.4990132653941055
0.0885866790410069	3.9946981770301053
0.143844988828764	4.24157923577962
0.233572146909008	4.282412205453332
0.379269019073218	4.307200285039018
0.615848211066014	4.338838006047257
0.999999999999979	4.3432206638900706