0.0001	-0.263086892364748
0.000162377673918872	-0.24708098902850328
0.000263665089873035	-0.23869602581317323
0.000428133239871938	-0.21602770684129635
0.000695192796177558	-0.19556652460596585
0.00112883789168468	-0.1560545668878143
0.00183298071083242	-0.12399408955819916
0.0029763514416313	-0.07284982908069927
0.00483293023857171	-0.01877398291041059
0.00784759970351453	0.061054864834513015
0.0127427498570312	0.1360571255841276
0.0206913808111476	0.22683637998383607
0.0335981828628374	0.2867936156134423
0.0545559478116844	0.32379783474804014
0.0885866790410069	0.3302160596355461
0.143844988828764	0.33616352153109985