0.0001	-0.20777161322580057
0.000162377673918872	-0.19572029924245932
0.000263665089873035	-0.18370327034025924
0.000428133239871938	-0.16742306878831792
0.000695192796177558	-0.15230374736837926
0.00112883789168468	-0.12258130771824988
0.00183298071083242	-0.09235254526992005
0.0029763514416313	-0.05567600414626291
0.00483293023857171	-0.011281828142775306
0.00784759970351453	0.043561943990296115
0.0127427498570312	0.10796840628169072
0.0206913808111476	0.1685591529209946
0.0335981828628374	0.22546600251070364
0.0545559478116844	0.2540561175873379
0.0885866790410069	0.25493188906869446
0.143844988828764	0.2550542217142438
0.233572146909008	0.2539424424565258
0.379269019073218	0.25150556487715514
0.615848211066014	0.2553435988258376
0.999999999999979	0.2536110257548605