0.0001	-13.978762422826657
0.000172043377848618	-13.84335080113713
0.000295989238615623	-13.564551378960596
0.000509229884182724	-12.972904301659232
0.000876096293762565	-12.001895577355477
0.00150726565699567	-10.77149972187306
0.00259315074944751	-9.120135798656884
0.00446134414205625	-6.764316589042161
0.00767544715944503	-4.253530757946689
0.013205098558095	-0.9319690788703839
0.0227184976075858	2.550943455939696
0.0390856706805481	6.4725733864190795
0.0672443080936019	10.204565611693237
0.115689379055164	13.492238897656847
0.199035915538596	15.926226389583023
0.342428112224523	17.347339842527976
0.589124890974326	18.05889925031932
1.01355036217922	18.095946812412777
1.74374627929003	18.142361313644933
3.00000000000016	18.050724709763255