0.0001	-10.20396413065653
0.000172043377848618	-9.91577977158942
0.000295989238615623	-9.57613767715214
0.000509229884182724	-9.153239665415132
0.000876096293762565	-8.352780813974503
0.00150726565699567	-7.407136331270396
0.00259315074944751	-6.034804595636378
0.00446134414205625	-4.394725901111126
0.00767544715944503	-2.2622426886846405
0.013205098558095	0.1786245490534457
0.0227184976075858	2.4755754556568155
0.0390856706805481	5.167028977317076
0.0672443080936019	7.455462458479383
0.115689379055164	9.493653879178062
0.199035915538596	10.886243911054464
0.342428112224524	11.519736850056134
0.589124890974327	11.701277393038234
1.01355036217922	11.7417775167015
1.74374627929003	11.97222266352643
3.00000000000016	11.752633766630645