0.0001	-1.8468290712846018
0.000162377673918872	-1.792465702715848
0.000263665089873035	-1.6852357987271254
0.000428133239871938	-1.562828844058398
0.000695192796177558	-1.4288206821425073
0.00112883789168468	-1.2007215516791812
0.00183298071083242	-0.9756592491997065
0.0029763514416313	-0.6244145765664867
0.00483293023857171	-0.22494616031199877
0.00784759970351453	0.18469089955321633
0.0127427498570312	0.7037038911793971
0.0206913808111476	1.225213261369673
0.0335981828628374	1.6552429475948784
0.0545559478116844	2.0105374089547703
0.0885866790410069	2.2517485322392234
0.143844988828764	2.286376141333895
0.233572146909008	2.3012052119605295
0.379269019073218	2.2934004366869662
0.615848211066014	2.317901737315993
0.999999999999979	2.285752306983386