0.0001	-1.2093128951290457
0.000162377673918872	-1.1607235333696129
0.000263665089873035	-1.1025737101098476
0.000428133239871938	-1.0209324346101853
0.000695192796177558	-0.9164414051415555
0.00112883789168468	-0.7757803083108882
0.00183298071083242	-0.5863046723668977
0.0029763514416313	-0.3719299342531999
0.00483293023857171	-0.12330297263646524
0.00784759970351453	0.1760089683312101
0.0127427498570312	0.5128544072865076
0.0206913808111476	0.870062476163544
0.0335981828628374	1.1510603963100958
0.0545559478116844	1.359694816654216
0.0885866790410069	1.46501827250508
0.143844988828764	1.4912447311663617
0.233572146909008	1.5012821298142498
0.379269019073218	1.5074112829359212
0.615848211066014	1.5255499625486646
0.999999999999979	1.536821842627475