0.0001	-1.34101222678134
0.000162377673918872	-1.3030409254176833
0.000263665089873035	-1.2362249390687035
0.000428133239871938	-1.1425637677248481
0.000695192796177558	-1.0109335219493925
0.00112883789168468	-0.8489162690916818
0.00183298071083242	-0.6466601377622316
0.00297635144163129	-0.42093342985799903
0.00483293023857171	-0.13366365750359946
0.00784759970351453	0.1825871877078666
0.0127427498570312	0.5566912478539279
0.0206913808111476	0.9245726403084713
0.0335981828628374	1.2677052979999728
0.0545559478116844	1.4962938699643922
0.0885866790410069	1.6140752824094302
0.143844988828764	1.642706891565474
0.233572146909008	1.6410293506433873
0.379269019073218	1.6584027973793907
0.615848211066014	1.6573781589192964
0.999999999999979	1.6614874865314644