0.0001	-7.147441320178159
0.000162377673918872	-6.971440393050221
0.000263665089873035	-6.752049787159564
0.000428133239871938	-6.3989506522499005
0.000695192796177558	-5.922224653711794
0.00112883789168468	-5.3466949209479555
0.00183298071083242	-4.473806034118056
0.0029763514416313	-3.4356512998803663
0.00483293023857171	-2.136313510777799
0.00784759970351453	-0.6219472756197273
0.0127427498570312	0.9900310296429553
0.0206913808111476	2.6995980536637623
0.0335981828628374	4.389674578522465
0.0545559478116844	5.952478244722769
0.0885866790410069	7.241639639950854
0.143844988828764	8.12337890366886
0.233572146909008	8.643562671121327
0.379269019073218	8.84028231000702
0.615848211066014	8.844880866328037
0.999999999999979	8.858414397298361