0.0001	-1.1034056766906377
0.000162377673918872	-1.060158801785283
0.000263665089873035	-1.001665785993545
0.000428133239871938	-0.9265402134567481
0.000695192796177558	-0.8080267281416682
0.00112883789168468	-0.6787384649716205
0.00183298071083242	-0.5331938902122577
0.0029763514416313	-0.3258984256356809
0.00483293023857171	-0.10275617136721568
0.00784759970351453	0.1691679425599578
0.0127427498570312	0.49241609462264635
0.0206913808111476	0.7955202335462994
0.0335981828628374	1.0698375962822682
0.0545559478116844	1.268734410365889
0.0885866790410069	1.361898700154724
0.143844988828764	1.3747697666753673
0.233572146909008	1.375460294800579
0.379269019073218	1.3717313876053692
0.615848211066014	1.3712457547586634
0.999999999999979	1.3626662125519877