0.0001	-0.26838791801794565
0.000162377673918872	-0.25873506102824684
0.000263665089873035	-0.24149432312102842
0.000428133239871938	-0.22736938707468157
0.000695192796177558	-0.19900609342038822
0.00112883789168468	-0.16529422411364564
0.00183298071083242	-0.1280754416483591
0.0029763514416313	-0.08978629680756853
0.00483293023857171	-0.033118249086979794
0.00784759970351453	0.030443159763359175
0.0127427498570312	0.10956093618866955
0.0206913808111476	0.19623774006288153
0.0335981828628374	0.27301830908464547
0.0545559478116844	0.3208360838265566
0.0885866790410069	0.3454511809283112
0.143844988828764	0.35030147065315176
0.233572146909008	0.356939516587209
0.379269019073218	0.3620064192717
0.615848211066014	0.34817598150232093
0.999999999999979	0.36008311875354415