0.0001	-0.21735528279956146
0.000162377673918872	-0.21602913973080323
0.000263665089873035	-0.20599755836043265
0.000428133239871938	-0.18448299407605367
0.000695192796177558	-0.16939570102159404
0.00112883789168468	-0.14607798990896603
0.00183298071083242	-0.1108145958314351
0.0029763514416313	-0.07792043923877451
0.00483293023857171	-0.04220813354929475
0.00784759970351453	0.010438027652968283
0.0127427498570312	0.07302526823358907
0.0206913808111476	0.14653696392072357
0.0335981828628374	0.2028982026534122
0.0545559478116844	0.2583685308034658
0.0885866790410069	0.2716935912228683
0.143844988828764	0.286581728575532
0.233572146909008	0.28521166982096
0.379269019073218	0.2876245381662521
0.615848211066014	0.28389473773985874
0.999999999999979	0.2858983955779647