0.0001	-0.29119141505139107
0.000162377673918872	-0.2765208685408168
0.000263665089873035	-0.25525512264942357
0.000428133239871938	-0.24023362500545425
0.000695192796177558	-0.20913692510025395
0.00112883789168468	-0.17997315788121085
0.00183298071083242	-0.1349238297883969
0.00297635144163129	-0.07825254763384086
0.00483293023857171	-0.018675673102890335
0.00784759970351453	0.05965301177827631
0.0127427498570312	0.1517607671254909
0.0206913808111476	0.24131368604091166
0.0335981828628374	0.3065079664443357
0.0545559478116844	0.3439208452036615
0.0885866790410068	0.3630469176838642
0.143844988828764	0.3645889547556843
0.233572146909008	0.3647286355942808
0.379269019073218	0.3632152530708149
0.615848211066013	0.36277655220468463
0.999999999999977	0.36138006320558724