0.0001	-0.3286858360253846
0.000162377673918872	-0.31720205665212353
0.000263665089873035	-0.2968156840186479
0.000428133239871938	-0.2684171619727681
0.000695192796177558	-0.24168624939553154
0.00112883789168468	-0.20497236860876145
0.00183298071083242	-0.15720637573884927
0.0029763514416313	-0.10145801148780906
0.00483293023857171	-0.028973364684072567
0.00784759970351453	0.06383833469188788
0.0127427498570312	0.15017996741777154
0.0206913808111476	0.2575346192759976
0.0335981828628374	0.34395497158492333
0.0545559478116844	0.3943979972224304
0.0885866790410069	0.4158812377147982
0.143844988828764	0.411985151178498
0.233572146909008	0.4192482162080434
0.379269019073218	0.41653636549329476
0.615848211066014	0.41986487446070997
0.999999999999979	0.41946609198339946