0.0001	-3.1153059864732295
0.000162377673918872	-2.9995959843337054
0.000263665089873035	-2.881558942383342
0.000428133239871938	-2.722561014886097
0.000695192796177558	-2.4303092148480747
0.00112883789168468	-2.14553605566614
0.00183298071083242	-1.7397627322784586
0.0029763514416313	-1.1980788106387021
0.00483293023857171	-0.5889764600967637
0.00784759970351453	0.16076232049328806
0.0127427498570312	0.934398900199582
0.0206913808111476	1.7412027226002695
0.0335981828628374	2.5283315010491805
0.0545559478116844	3.120272151781843
0.0885866790410069	3.5931596121086655
0.143844988828764	3.7483560598429686
0.233572146909008	3.8737197737842903
0.379269019073218	3.823948136328053
0.615848211066014	3.8380164651140998
0.999999999999979	3.8668357393791366