0.0001	-0.3259895660835791
0.000162377673918872	-0.30570651911070235
0.000263665089873035	-0.29406492864664174
0.000428133239871938	-0.2614032149363141
0.000695192796177558	-0.2323434982831117
0.00112883789168468	-0.19347444180781917
0.00183298071083242	-0.15008596762969767
0.0029763514416313	-0.09199320205778629
0.00483293023857171	-0.02201931139881444
0.00784759970351453	0.06567267796251727
0.0127427498570312	0.15691923726026724
0.0206913808111476	0.2603012243718079
0.0335981828628374	0.34045182466169366
0.0545559478116844	0.38659522992986556
0.0885866790410069	0.4039235687450597
0.143844988828764	0.4103156415138238
0.233572146909008	0.41177941490314846
0.379269019073218	0.4070578086361903
0.615848211066014	0.4148459883654991
0.999999999999979	0.4121900145850069