0.0001	-0.24462104274827168
0.000162377673918872	-0.23762986260775554
0.000263665089873035	-0.22361306440351048
0.000428133239871938	-0.20072147424726397
0.000695192796177558	-0.18518752592109256
0.00112883789168468	-0.14840035305162125
0.00183298071083242	-0.11212828897900987
0.0029763514416313	-0.06881727000698233
0.00483293023857171	-0.01176033008880156
0.00784759970351453	0.06042309299302068
0.0127427498570312	0.13430138043992187
0.0206913808111476	0.20942008146588512
0.0335981828628374	0.2707253576495051
0.0545559478116844	0.30056542720025636
0.0885866790410069	0.31345175625232
0.143844988828764	0.31633590802780476
0.233572146909008	0.31261609509794763
0.379269019073218	0.31300661318602674
0.615848211066014	0.3099864530974078
0.999999999999979	0.3146732898196093