0.0001	-3.9516335908810127
0.000162377673918872	-3.8458487549554183
0.000263665089873035	-3.7016993401222122
0.000428133239871938	-3.4592853632630396
0.000695192796177558	-3.1662495813600326
0.00112883789168468	-2.7810926769189166
0.00183298071083242	-2.2787864507940627
0.0029763514416313	-1.5889979363380458
0.00483293023857171	-0.8154367238999608
0.00784759970351453	0.05896467734190091
0.0127427498570312	1.0865210942889685
0.0206913808111476	2.09319972657203
0.0335981828628374	3.0674384425302694
0.0545559478116844	3.892544473631208
0.0885866790410069	4.504690949252964
0.143844988828764	4.84128143426959
0.233572146909008	4.979413830005358
0.379269019073218	4.990301690414531
0.615848211066014	4.97215195310169
0.999999999999979	4.96389700398377