0.0001	-0.3102765617826194
0.000162377673918872	-0.3024780940592049
0.000263665089873035	-0.28369779958294195
0.000428133239871938	-0.2569018138417718
0.000695192796177558	-0.22466705223969508
0.00112883789168468	-0.18777122456199097
0.00183298071083242	-0.14283731276153944
0.0029763514416313	-0.08745081290886172
0.00483293023857171	-0.0234030340509426
0.00784759970351453	0.06788006933872949
0.0127427498570312	0.15740794646835077
0.0206913808111476	0.2547899019550828
0.0335981828628374	0.33384126450133234
0.0545559478116844	0.376188662010077
0.0885866790410069	0.39211611179696676
0.143844988828764	0.3977676427760025
0.233572146909008	0.39201791670967473
0.379269019073218	0.39482470925018287
0.615848211066014	0.39549022052335675
0.999999999999979	0.38303097271294734