0.0001	-0.29508917777874566
0.000162377673918872	-0.27903350813105104
0.000263665089873035	-0.2627837878890134
0.000428133239871938	-0.2452952344608874
0.000695192796177558	-0.21756213259996804
0.00112883789168468	-0.18814286880310271
0.00183298071083242	-0.14819144125089723
0.0029763514416313	-0.09914450983183246
0.00483293023857171	-0.03686724664933087
0.00784759970351453	0.028484639609788504
0.0127427498570312	0.10858619941366768
0.0206913808111476	0.2001361850169829
0.0335981828628374	0.27763082161751396
0.0545559478116844	0.34259584485393135
0.0885866790410069	0.3663523592696866
0.143844988828764	0.3774388936845685
0.233572146909008	0.37703161008679564
0.379269019073218	0.3759123544384233
0.615848211066014	0.3667761900781835
0.999999999999979	0.3748530734454107