0.0001	-2.813334252523358
0.000162377673918872	-2.714449611313159
0.000263665089873035	-2.598683362825185
0.000428133239871938	-2.445749358166666
0.000695192796177558	-2.203282889207949
0.00112883789168468	-1.9352071284977144
0.00183298071083242	-1.5550220300328883
0.0029763514416313	-1.0501810637205053
0.00483293023857171	-0.4808797782789109
0.00784759970351453	0.12121681569265727
0.0127427498570312	0.8643179665323102
0.0206913808111476	1.6097863351091901
0.0335981828628374	2.3178193794135424
0.0545559478116844	2.8880150537902876
0.0885866790410069	3.258433615897263
0.143844988828764	3.4091418368770476
0.233572146909008	3.4684935848569856
0.379269019073218	3.4833078891657188
0.615848211066014	3.5184131969353194
0.999999999999979	3.495221332084713