0.0001	-17.007152524471266
0.000172043377848618	-16.852141734961236
0.000295989238615623	-16.37400922021078
0.000509229884182724	-15.888662534140348
0.000876096293762565	-14.888158005449055
0.00150726565699567	-13.427148936376472
0.00259315074944751	-11.451553367498338
0.00446134414205625	-8.965184378426537
0.00767544715944503	-5.954363231551373
0.013205098558095	-2.2090174388820714
0.0227184976075858	2.1060197548778943
0.0390856706805481	6.50615500547801
0.0672443080936019	10.949183597624618
0.115689379055164	15.105661117537453
0.199035915538596	18.00669220715548
0.342428112224524	20.200632668566122
0.589124890974327	21.088449962284752
1.01355036217922	21.44822699640916
1.74374627929003	21.416194231186736
3.00000000000016	21.514941213581444