0.0001	-11.999894350607114
0.000172043377848618	-11.683961810446997
0.000295989238615623	-11.24323270243034
0.000509229884182724	-10.659000757883884
0.000876096293762565	-9.870549952233919
0.00150726565699567	-8.806090898035173
0.00259315074944751	-7.279351436059546
0.00446134414205625	-5.530359165707785
0.00767544715944503	-3.0402352967068156
0.013205098558095	-0.41172651669103355
0.0227184976075858	2.2916492930133208
0.0390856706805481	5.168100212617665
0.0672443080936019	8.06463432391578
0.115689379055164	10.433061129555735
0.199035915538596	12.030428215691405
0.342428112224524	12.875918537396124
0.589124890974327	13.281837274940685
1.01355036217922	13.48609633913065
1.74374627929003	13.263296173535082
3.00000000000016	13.37267937364135