0.0001	-11.311922425332297
0.000172043377848618	-11.023380805490437
0.000295989238615623	-10.653920145385452
0.000509229884182724	-10.102646139399608
0.000876096293762565	-9.328223295543218
0.00150726565699567	-8.218798345452363
0.00259315074944751	-6.791140562919266
0.00446134414205625	-4.774178925017084
0.00767544715944503	-2.4443800617271743
0.013205098558095	0.2775606207132364
0.0227184976075858	3.0794628906769734
0.0390856706805481	5.994819687729447
0.0672443080936019	8.83952398819656
0.115689379055164	10.942749786072381
0.199035915538596	12.568803419497126
0.342428112224524	13.43527458951522
0.589124890974327	13.77345842008917
1.01355036217922	13.872909625560489
1.74374627929003	13.886824532724752
3.00000000000016	13.929220924939305