0.0001	-2.3786226050367176
0.000162377673918872	-2.3082851881317845
0.000263665089873035	-2.19871840794535
0.000428133239871938	-2.036017009217356
0.000695192796177558	-1.8636690061768275
0.00112883789168468	-1.5687118870399046
0.00183298071083242	-1.251058911999193
0.0029763514416313	-0.8370590178228183
0.00483293023857171	-0.3576446838885005
0.00784759970351453	0.20909111852303536
0.0127427498570312	0.8551621621224864
0.0206913808111476	1.5082552578279835
0.0335981828628374	2.051624763755379
0.0545559478116844	2.53097937378483
0.0885866790410069	2.806713707802212
0.143844988828764	2.94044492085537
0.233572146909008	2.9868420459569753
0.379269019073218	3.009089772334253
0.615848211066014	3.011296990713204
0.999999999999979	3.0002758467234316