0.0001	-2.6332677237328204
0.000162377673918872	-2.6078409705755554
0.000263665089873035	-2.49356998713925
0.000428133239871938	-2.326590194146941
0.000695192796177558	-2.106141254396196
0.00112883789168468	-1.8250216247594833
0.00183298071083242	-1.4322180791970602
0.0029763514416313	-0.9948215650677366
0.00483293023857171	-0.45539463440043215
0.00784759970351453	0.2133612181732453
0.0127427498570312	0.8730567890892802
0.0206913808111476	1.5569856512586695
0.0335981828628374	2.238974386907657
0.0545559478116844	2.7645035485589515
0.0885866790410069	3.062806087016876
0.143844988828764	3.2214002831788724
0.233572146909008	3.2523703571186138
0.379269019073218	3.2604344308184774
0.615848211066014	3.271912744781663
0.999999999999979	3.2617240585818035