0.0001	-9.718475704184389
0.000170400367383827	-9.580290921888107
0.000290362852045432	-9.213045150923076
0.000494779366631574	-8.947782344978146
0.000843105858479575	-8.085146851534393
0.00143665548028376	-7.172841264021327
0.00244806621644342	-5.742451089149319
0.00417151382661894	-4.026242643735621
0.00710827488602581	-1.9546867323532326
0.0121125265204403	0.2057374099566063
0.0206397896902938	2.7516259122733393
0.0351702774595098	5.199715796067366
0.059930282000916	7.683126129634401
0.102121420703724	9.471038258163716
0.17401527605673	10.920236711141015
0.296522669704648	11.770000633207383
0.505275718553052	12.012079560826233
0.860991680715673	11.957184025389303