0.0001	-8.951918034118183
0.000172043377848618	-8.691740855558955
0.000295989238615623	-8.429174262728798
0.000509229884182724	-7.678157721225345
0.000876096293762565	-6.97762663541128
0.00150726565699567	-6.2497908305292444
0.00259315074944751	-4.992595418860072
0.00446134414205625	-3.623515302330922
0.00767544715944503	-1.6170015894663168
0.013205098558095	0.60267388444632
0.0227184976075858	2.59058798162549
0.0390856706805481	4.891068812099639
0.0672443080936019	6.859448066768105
0.115689379055164	8.561101677383505
0.199035915538596	9.597308687051589
0.342428112224524	10.075038934684443
0.589124890974327	10.186940161048357
1.01355036217922	10.179817714581961
1.74374627929003	10.38810484210428
3.00000000000016	10.299808863414778