0.0001	-2.1987495409976416
0.000162377673918872	-2.124784259578304
0.000263665089873035	-2.0177808594339495
0.000428133239871938	-1.900375594551765
0.000695192796177558	-1.7157297568061693
0.00112883789168468	-1.4337753042768022
0.00183298071083242	-1.121776082209982
0.0029763514416313	-0.7602631994479568
0.00483293023857171	-0.3174510231747556
0.00784759970351453	0.2225045991575386
0.0127427498570312	0.8219315275521724
0.0206913808111476	1.4149564942846502
0.0335981828628374	1.9532814805319998
0.0545559478116844	2.408905794551538
0.0885866790410069	2.649023136365572
0.143844988828764	2.7442784211200566
0.233572146909008	2.7636332335051472
0.379269019073218	2.785674833912768
0.615848211066014	2.794022237751257
0.999999999999979	2.7519601449963034