0.0001	-1.6619811880895718
0.000162377673918872	-1.5932523569217212
0.000263665089873035	-1.5305689517926448
0.000428133239871938	-1.4001125737902733
0.000695192796177558	-1.266443449688798
0.00112883789168468	-1.0740994558876031
0.00183298071083242	-0.844468666889664
0.0029763514416313	-0.5278397736774338
0.00483293023857171	-0.19216153411919573
0.00784759970351453	0.2019254004268139
0.0127427498570312	0.662082555156546
0.0206913808111476	1.1345716916307724
0.0335981828628374	1.5440799414526056
0.0545559478116844	1.8331805670912455
0.0885866790410069	1.9915295203174899
0.143844988828764	2.0762726166134335
0.233572146909008	2.075108058960558
0.379269019073218	2.0521614691993206
0.615848211066014	2.065541383519956
0.999999999999979	2.0547566538194584