0.0001	-8.161380943182072
0.000168410823610397	-7.918421803228336
0.000283622055091323	-7.6544312845592515
0.00047765023892003	-7.310994792300171
0.000804414701342252	-6.692147333607517
0.0013547214237736	-5.928843881946378
0.00228149750740362	-4.798062922514655
0.00384228874286911	-3.4388649979836545
0.00647083011735544	-1.7269063372184745
0.0108975782950679	0.15463787044601654
0.0183527013603117	2.2154165481290105
0.0309079355156575	4.239124307819195
0.0520523087628893	6.228353666979867
0.0876617218958087	7.838873284039463
0.147631827835787	9.036307879752862
0.248627977169332	9.671373389742119
0.418716424076742	9.895705562334166
0.705163778379645	9.992244725572991
1.18757212697135	10.062363013043477
1.99999999999997	10.040123028637062