0.0001	-1.4633318587744908
0.000162377673918872	-1.440911888823619
0.000263665089873035	-1.3707398028929565
0.000428133239871938	-1.2742510451434856
0.000695192796177558	-1.1277238805229284
0.00112883789168468	-0.9768652693762517
0.00183298071083242	-0.7448519555890392
0.00297635144163129	-0.4775530325026087
0.00483293023857171	-0.18873051785655448
0.00784759970351453	0.17299199093371526
0.0127427498570312	0.6223686408096797
0.0206913808111476	1.0060765943606589
0.0335981828628374	1.3744097416515575
0.0545559478116844	1.6392966248506842
0.0885866790410068	1.8037805100125697
0.143844988828764	1.824326825458716
0.233572146909008	1.8366226197824815
0.379269019073218	1.8471946468371134
0.615848211066014	1.8482564039006757
0.999999999999979	1.8309014289842298