0.0001	-6.082147650889971
0.000162377673918872	-5.957095455589009
0.000263665089873035	-5.752265485616093
0.000428133239871938	-5.466494508029451
0.000695192796177558	-5.0270833092460645
0.00112883789168468	-4.467369768495743
0.00183298071083242	-3.737006367929369
0.00297635144163129	-2.8262533453879417
0.00483293023857171	-1.680540146552698
0.00784759970351453	-0.3447403397493036
0.0127427498570312	0.9954376479610485
0.0206913808111476	2.466098455009199
0.0335981828628374	3.9750054112925186
0.0545559478116844	5.350739122373221
0.0885866790410068	6.309942631492129
0.143844988828764	7.061155264389553
0.233572146909008	7.446293634652045
0.379269019073218	7.568019508300221
0.615848211066013	7.627730181179654
0.999999999999977	7.631663139988484