0.0001	-0.7655202367092102
0.000162377673918872	-0.7306452562157021
0.000263665089873035	-0.688355698493302
0.000428133239871938	-0.6293541693171457
0.000695192796177558	-0.5451197302832264
0.00112883789168468	-0.4538270215139597
0.00183298071083242	-0.3371610625074082
0.0029763514416313	-0.20850457719219725
0.00483293023857171	-0.050927809480780864
0.00784759970351453	0.13587581335646476
0.0127427498570312	0.3411379784248506
0.0206913808111476	0.5549923133617941
0.0335981828628374	0.7339688647403302
0.0545559478116844	0.8729186022920712
0.0885866790410069	0.933879068997463
0.143844988828764	0.9527348682081915
0.233572146909008	0.9493900819583576
0.379269019073218	0.9452723204506708
0.615848211066014	0.9455706317409751
0.999999999999979	0.9462839756801051