0.0001	-0.5014816206408519
0.000162377673918872	-0.47680842050538547
0.000263665089873035	-0.4505015010004362
0.000428133239871938	-0.4182564569070314
0.000695192796177558	-0.36358550371059256
0.00112883789168468	-0.3013611368786396
0.00183298071083242	-0.22888332234507594
0.0029763514416313	-0.1490799199021089
0.00483293023857171	-0.053310422292034254
0.00784759970351453	0.07719563496682896
0.0127427498570312	0.2076202864387977
0.0206913808111476	0.3595890189480683
0.0335981828628374	0.4857060523351908
0.0545559478116844	0.5639898852545411
0.0885866790410069	0.6100640752822508
0.143844988828764	0.623732018057797
0.233572146909008	0.6243524352481725
0.379269019073218	0.6200720869793832
0.615848211066014	0.6231407834030346
0.999999999999979	0.6178997500047788