0.0001	-0.2459122032863793
0.000162377673918872	-0.23216726449339808
0.000263665089873035	-0.2137032003516482
0.000428133239871938	-0.19987029767511305
0.000695192796177558	-0.1796125884972292
0.00112883789168468	-0.15424508876329457
0.00183298071083242	-0.11567900530479847
0.0029763514416313	-0.08682853258672794
0.00483293023857171	-0.04206119147888533
0.00784759970351453	0.013573040844238823
0.0127427498570312	0.07558680352043284
0.0206913808111476	0.14458689140160758
0.0335981828628374	0.22200557929218867
0.0545559478116844	0.27314353893758847
0.0885866790410069	0.2942611092035906
0.143844988828764	0.30392005564205815
0.233572146909008	0.30155702913369153
0.379269019073218	0.2941960071836412
0.615848211066014	0.3010370919315689
0.999999999999979	0.3047069881041188