0.0001	-5.314644771047608
0.000162377673918872	-5.106967369682021
0.000263665089873035	-4.964142839222564
0.000428133239871938	-4.728474745408391
0.000695192796177558	-4.343647006562561
0.00112883789168468	-3.8580005351022044
0.00183298071083242	-3.236690132141903
0.0029763514416313	-2.3388338899846977
0.00483293023857171	-1.3319251011313786
0.00784759970351453	-0.12996536703497685
0.0127427498570312	1.1036763925716047
0.0206913808111476	2.446450958778343
0.0335981828628374	3.7209347151034704
0.0545559478116844	4.895680268263707
0.0885866790410069	5.785339519776627
0.143844988828764	6.379491474867862
0.233572146909008	6.64385842006283
0.379269019073218	6.699424245442401
0.615848211066014	6.641287002246202
0.999999999999979	6.686818059710211