0.0001	-0.2322940250675319
0.000162377673918872	-0.22617632453878206
0.000263665089873035	-0.2100171556407554
0.000428133239871938	-0.19216556412229246
0.000695192796177558	-0.174966319809009
0.00112883789168468	-0.15054659575969342
0.00183298071083242	-0.11958900455603907
0.0029763514416313	-0.08781979096383852
0.00483293023857171	-0.04066614763472014
0.00784759970351453	0.010463418822832818
0.0127427498570312	0.07718253538539604
0.0206913808111476	0.14958529973260126
0.0335981828628374	0.2194486181428132
0.0545559478116844	0.26505519248327036
0.0885866790410069	0.2880980082570543
0.143844988828764	0.3020260223975417
0.233572146909008	0.295842519526181
0.379269019073218	0.2960614516438992
0.615848211066014	0.29435831110870603
0.999999999999979	0.29038052195635655