2.04	188.2	21.417049565834727	0.1021708417676418	0.04026306062052337	0.0006236289840970262	0.584943739763689	0.007727935808603689	0.8695273583084648	0.00757403624186087
2.28	188.2	18.108254940747003	0.07457632309738695	0.03582379165269798	0.0004935513839206144	0.5921067485122004	0.0070927345029544306	0.8479536135300613	0.0068058437069915415
2.69	188.2	13.360778517790973	0.05156598615233364	0.028917199383851667	0.00037347654376387515	0.5701410122471936	0.006335202235778417	0.9835922128353619	0.007261658437699324
2.94	188.2	13.846088946251223	0.060417388352921576	0.027944043346940357	0.0004255330135117298	0.576291208755752	0.007628526911440792	0.9039488317991106	0.008192767197223099
3.15	188.2	11.8032582754635	0.054268487990016975	0.026831407858380514	0.0004234535127097373	0.5771248377244941	0.007947662968021928	0.9523979924921105	0.008838452862602186
3.5	188.2	11.998768628500816	0.09983330544389211	0.02490440855570409	0.0005782717937610708	0.5833339561039655	0.011690298641876339	0.9080926165635096	0.012101559277851724
3.75	188.2	10.274788031779947	0.0463100125637157	0.02396967570956555	0.00038184502499446956	0.571698000439489	0.007944234707944317	0.9612380184902435	0.009157502936671889
4.	188.202	9.996485642667768	0.044605068717019594	0.022667592220876914	0.0003413392351732476	0.5901421954551737	0.0079367015528163	0.9062590461040666	0.008403259374073596
5.	188.203	8.859020198741892	0.036671466383511646	0.020714961324149312	0.00025940823592956184	0.5939183289355747	0.006652565291861764	0.8980667178991594	0.006901558891616759
6.	188.216	7.611679748585147	0.030589517242936903	0.019546944981549075	0.0002415530959045454	0.5967450090972973	0.006651145766072551	0.8937636858883221	0.006892930691485694
8.	188.221	6.693336169451153	0.028921347501295956	0.018188541267248743	0.0002444912689200383	0.6165102906831991	0.00769517078207562	0.8753877991081971	0.007578914114301616
10.	188.222	5.508456002917302	0.02000913490437348	0.016283019540269755	0.0001871027038768153	0.614144520842615	0.006590719725951674	0.9060720656072023	0.006781314842103567
12.	188.226	4.991276624944496	0.012305300929423989	0.015975229464239377	0.00012550981301938597	0.6280496002368147	0.004691920558553216	0.8750007812107004	0.004579664399347047
15.	188.232	4.336170205937232	0.014842507421522568	0.015138658928672248	0.00016546462681119064	0.6353398418161461	0.006686623629155637	0.8843185334333552	0.006501997265082388
18.	188.235	3.8580499622570037	0.010881461451934513	0.01469675464509179	0.00013276218404499298	0.6400900960250587	0.005610960915590391	0.8841138168743399	0.005415737496050003
21.	188.237	3.500214382574311	0.009085756018141296	0.014500541048571933	0.0001209172681117558	0.6430598633199303	0.005226787450301544	0.8792557653046443	0.005002207282137199
24.	188.238	3.270213601136802	0.0101321118052862	0.013662820608897867	0.00013600636517544933	0.6495296308974009	0.006376894025918625	0.8957219894974516	0.006126769059328962
27.	188.239	3.005119248731778	0.005494929917513984	0.01351643211184439	0.00008135804569053003	0.6410992236584911	0.0037704520543239634	0.8731235214456224	0.003654189689511506
30.	188.238	2.784693699695825	0.009456631192716936	0.013194655222127368	0.00014704847604001274	0.654424656946887	0.007251785096524449	0.8631527713875782	0.00677773817688898
35.	188.237	2.312488714899526	0.00980885100298018	0.012793626792564973	0.0001771346568959576	0.6649298179959771	0.009286610829199292	0.8666044872698794	0.00851562875909524
40.	188.236	2.0735168491732607	0.007716185480033287	0.01224981075469824	0.0001497939556353312	0.6680816515967131	0.008294957815449493	0.8687973990449653	0.007611855489450802
45.	188.236	1.8479955157363177	0.007696910385082455	0.012208325544639156	0.000165883607705268	0.6750930247009675	0.009392130830930129	0.869288202851336	0.008477144717091581
50.	188.235	1.662905070308488	0.007791321954720022	0.011689059228799314	0.0001817295636318449	0.6642974744406495	0.010470252481053289	0.8819978350783905	0.009858785289701782
55.	188.234	1.5191564606622447	0.005865094380639744	0.011792366163867965	0.00015113284060037417	0.6699786450507536	0.008759114044162335	0.8644937557338642	0.00802910153765125
60.	188.232	1.3819224688902603	0.008026162022951332	0.011469236300365133	0.0002212050082853963	0.6788800871528589	0.013520002789063769	0.8584596240867751	0.012131580712120772
70.	188.23	0.9555919803580887	0.005986956257490152	0.01103733025222334	0.0002386976131319023	0.6484476000498299	0.013986483659943072	0.8737440192279826	0.013784793968324882
75.	188.233	0.6262684719223067	0.004399945218341229	0.011654260173880887	0.00027448522268306165	0.6669882533765839	0.015979837938892617	0.8584812969150675	0.01473235027381295
80.	188.234	0.3580090843229169	0.0030146008428226672	0.01306803757663639	0.00036168832287305054	0.6920039138538664	0.01988867440067137	0.7913132033447162	0.016182450316078834
85.	188.233	0.3045684287897812	0.003770038904237143	0.014046132889520346	0.0005557083881644283	0.682737610440131	0.027609510344823656	0.8272679651671735	0.023262911974661425
90.	188.234	0.287789041383876	0.0027162001028280722	0.014350418833247055	0.0004304538612023365	0.6954803821661378	0.021581750720795937	0.8053503387348238	0.017319115433150928
95.	188.232	0.29803394060794336	0.0028808482552344456	0.01418329017955148	0.00043092013552897953	0.709379574240851	0.0226481960807351	0.8062127864926106	0.017631518999225142
100.	188.231	0.3132841211456267	0.003295521140903473	0.014116500320152355	0.0004618235988965473	0.7258491958579929	0.025389794866125134	0.7995665694354469	0.018955056304084665
110.	188.225	0.3775330578865758	0.0029865934264531324	0.013218053990716658	0.0003384915975738429	0.6909439629985413	0.018336279118875025	0.8158044466894899	0.015175844202466142
115.	188.223	0.3985889966869447	0.004114247728382136	0.012405500785484708	0.0004111584194764539	0.7158003876811163	0.025376104028397992	0.812257139705164	0.019948635493145947
120.	188.222	0.4000696945864185	0.0037144685766149718	0.011975404542484967	0.00036410950752037804	0.6956314726983547	0.022194071194406084	0.8298406027837999	0.01862780144177884
130.	188.217	0.4205523410755192	0.002913246418497992	0.011289934260344074	0.00025521370247619094	0.7163861051287982	0.0174567611925044	0.8222529318157265	0.014007206772023774
140.	188.212	0.41342017894652483	0.002902294323256006	0.01086672490635112	0.00025403742292775134	0.7034064913715522	0.017522134655114444	0.8278908278726117	0.01465116959920696
150.	188.21	0.3955157820416922	0.0031392539726506356	0.010503480622035733	0.0002740965784750133	0.7202832045603438	0.02045135953851698	0.8328200523571537	0.016569716043645363
160.	188.209	0.36527012232653167	0.002226021406996139	0.010404215383576427	0.00020760595665351625	0.7260921328931731	0.01587376217466456	0.8331544168674833	0.012708662429702715
170.	188.207	0.3360425867078923	0.004009706579174495	0.010423097461270417	0.0003096470988619333	0.7459661847227811	0.023953894438221653	0.8133950171167618	0.01759800011993333
180.	188.206	0.3151323099661742	0.001857016353069003	0.010152311921251522	0.0001961045897498759	0.7351781538648096	0.015737196114197556	0.8241575099885745	0.012312767493314485
200.	188.205	0.25675850223906466	0.0024719365569103105	0.010098888500338967	0.000315245265791255	0.7409548655519502	0.025797945397677123	0.8352814861232543	0.020077878930971415