1.93	187.447	1.7129605071282745	0.023909542323033054	0.015031116194630004	0.0006576843451118612	0.72	0	0.8849584886765937	0.02142551796033425
2.5	187.506	1.381920284256852	0.01707012462154644	0.010621140336122978	0.0004229096837522849	0.72	0	0.8964174118162163	0.020201056544434375
3.	187.564	1.1914105822187355	0.014305840860086082	0.008576322120945355	0.00034023223483245084	0.72	0	0.9232847389056011	0.02090789527284062
4.	187.638	0.9105614454472728	0.008985736204408056	0.00706789154322221	0.00021442769388143544	0.72	0	0.8905414541346578	0.016171997190546305
5.	187.674	0.8600779420883591	0.0065514842795378475	0.006482416352872866	0.00015337512073572684	0.72	0	0.9060865022256056	0.012872016964803522
6.	187.736	0.8159537217733036	0.003841231496382118	0.006132696310536203	0.00009042497223537539	0.72	0	0.9128299106497375	0.00810364084079036
8.	187.798	0.7415342763600219	0.0030969066517582875	0.006003662121116792	0.00007921159398954358	0.72	0	0.9050590120415959	0.007211549687812692
10.	187.869	0.6939555136613916	0.0015474319804540822	0.005931827650179156	0.00004223143277428913	0.72	0	0.8898854856238751	0.003841536299127129
12.	187.903	0.6592125266804015	0.002880398819747226	0.0058564680302897205	0.00008100950855510381	0.72	0	0.9112543893127515	0.007617809666797227
15.	187.96	0.610583326078504	0.0020411594353688333	0.005777386968416888	0.00006079914447687436	0.72	0	0.927622222389148	0.0058878738257321156
18.	187.995	0.5967342025708879	0.0029200620237313933	0.005795717077854932	0.00008950961222350023	0.72	0	0.921365294650864	0.008590247583035296
21.	188.022	0.5781592452745703	0.0020445978575830814	0.005955007791807056	0.00006614241400416304	0.72	0	0.9195659460853649	0.006155250011341601
24.	188.039	0.5511195662980053	0.0031677298731229804	0.006131002438889008	0.000111078991435834	0.72	0	0.9007975238610045	0.009848549373668872
27.	188.056	0.5113079319993986	0.0020977695012772022	0.0060489826476186085	0.00007723855077557647	0.72	0	0.9306728561357422	0.007139647030264312
30.	188.067	0.4877363053717688	0.002692855373977478	0.00631238572106598	0.00011612698253909679	0.72	0	0.9104913725441829	0.009930047594674783
35.	188.09	0.4705500463763127	0.0030954215887846748	0.006302998466498417	0.00014033585805031478	0.72	0	0.9228001174364785	0.012096213072027526
40.	188.103	0.44856672549270077	0.003181039449078698	0.0069499877069603404	0.0001667206722154327	0.72	0	0.8882122018425125	0.01254035456622627
45.	188.113	0.4154431290637401	0.0022586320528092067	0.006819534052528811	0.00012607406965435802	0.72	0	0.8851656855015477	0.009653767403582798
50.	188.12	0.38157542066680916	0.0018497476784609605	0.00674614073605404	0.00010900539518394476	0.72	0	0.9271914750880417	0.008763089639636115
55.	188.126	0.36668611343091023	0.001808168465819742	0.0070972392527478756	0.00011781146854328109	0.72	0	0.8898286421120927	0.0086751250482426
60.	188.131	0.34030134305509446	0.0017955905477774364	0.006986749678846215	0.00012537795271022378	0.72	0	0.8831463774813234	0.009314710151840334
70.	188.137	0.23388778856265627	0.001552009931785123	0.007105057142875022	0.00017301418265062423	0.72	0	0.8362198179160982	0.01201576295642973
75.	188.143	0.1409770049243036	0.0017438721977666286	0.007107703849025724	0.00032398801747210996	0.72	0	0.828478201644577	0.022340674898923517
80.	188.145	0.07680909138004478	0.0010711374386345848	0.008172067089070723	0.0004069430554811972	0.72	0	0.7412717783721151	0.02237585645583756
85.	188.149	0.04034548370192447	0.0011341074387067505	0.00815987077796335	0.0008500700612110576	0.72	0	0.7741263897055594	0.04799430997980603
90.	188.15	0.041448233258086886	0.0010335838426903225	0.0099634495275767	0.000915257972336455	0.72	0	0.7233654597974388	0.03960478602182881
100.	188.148	0.03908561592147057	0.000934464467310928	0.008813603768567194	0.0007853174350992596	0.72	0	0.7404375972038357	0.039502794731138144
110.	188.145	0.04337106020456512	0.0007936329137009664	0.007597149090674524	0.0005218508371545268	0.72	0	0.7738137812360518	0.0318666044853515
120.	188.148	0.05953190423914356	0.0008575294955559216	0.008010345778540814	0.0004201848751587401	0.72	0	0.8114432246081255	0.025034330642769626
130.	188.146	0.056008203406037814	0.0010680182194179784	0.007294850656243864	0.0004731192376657183	0.72	0	0.8192369436567791	0.03184515485543455
140.	188.144	0.04906824086613087	0.0006670887578072445	0.006001384389691885	0.00030127205792869726	0.72	0	0.8809935875684872	0.026174541403851576
160.	188.138	0.028091266111034196	0.0008403150623855681	0.006426178584472845	0.0006988383962893319	0.72	0	0.8426367165205341	0.054707704410018154
170.	188.14	0.021600818136623425	0.0007312053678415856	0.005589720713434859	0.000692995474501157	0.72	0	0.8770596201154375	0.06515438290579792
180.	188.142	0.027834380848625433	0.0006885070772921151	0.006356452045798978	0.0005921321482569399	0.72	0	0.7823432170057263	0.04451693974364292
200.	188.141	0.017775985360026135	0.0004714148050890662	0.0061871914698837715	0.0006125119353168456	0.72	0	0.8071170332157679	0.048485391346648594