T	T1	
K	s	
	
2.04	0.0139
2.28	0.0120
2.69	0.0097
2.94	0.0087
3.15	0.0082
3.5	0.0076
3.75	0.0073
4	0.00706789154322221
5	0.00648241635287287
6	0.0061326963105362
8	0.00600366212111679
10	0.00593182765017916
12	0.00585646803028972
15	0.00577738696841689
18	0.00579571707785493
21	0.00595500779180706
24	0.00613100243888901
27	0.00604898264761861
30	0.00631238572106598
35	0.00630299846649842
40	0.00694998770696034
45	0.00681953405252881
50	0.00674614073605404
55	0.00709723925274788
60	0.00698674967884621
70	0.00710505714287502
75	0.00710770384902572
80	0.00817206708907072
85	0.00815987077796335
90	0.0099634495275767
95	0.0093
100	0.00881360376856719
110	0.00759714909067452
115	0.0078
120	0.00801034577854081
130	0.00729485065624386
140	0.00600138438969188
150	0.0062
160	0.00642617858447285
170	0.00558972071343486
180	0.00635645204579898
200	0.00618719146988377