T	int	freq1		sigma1		freq2		sigma2		k		Int1		Int2	
2	0.894247	188.218	0.003	0.256975	0.029556	187.906	0.0111111111111111	0.78107	0.0570508	0.808162	0.02	0.472011706338673	0.04471235	0.422235293661327	0.04471235
2.5	0.64084	188.217	0.003	0.237645	0.0275621	187.914	0.0111111111111111	0.72255	0.05496136	0.819016	0.02	0.352068175723649	0.032042	0.288771824276351	0.032042
3	0.485695	188.216	0.003	0.227402	0.0262816	187.922	0.0111111111111111	0.699242	0.0494421	0.824637	0.02	0.272365492422456	0.02428475	0.213329507577544	0.02428475
4	0.316457	188.219	0.003	0.200223	0.0232688	187.946	0.00888888888888889	0.554431	0.0392772	0.82235	0.02	0.175988705553984	0.01582285	0.140468294446016	0.01582285
5	0.259396	188.224	0.003	0.186735	0.0217759	187.972	0.00888888888888889	0.504925	0.0367814	0.815349	0.02	0.14060277864313	0.0129698	0.11879322135687	0.0129698
6	0.200326	188.227	0.003	0.165341	0.0194986	187.993	0.00888888888888889	0.44354	0.0327402	0.80793	0.02	0.105647329396766	0.0100163	0.094678670603234	0.0100163
8	0.152022	188.229	0.003	0.141866	0.0169807	188.025	0.00888888888888889	0.365433	0.0286624	0.79308	0.02	0.0758328600102007	0.0076011	0.0761891399897993	0.0076011
10	0.110165	188.233	0.003	0.11778	0.0141362	188.053	0.00888888888888889	0.293633	0.0219976	0.783117	0.02	0.0529082740192772	0.00550825	0.0572567259807228	0.00550825
12	0.0907629	188.236	0.003	0.105895	0.0128155	188.075	0.00888888888888889	0.262047	0.021173	0.769311	0.02	0.0413251263876208	0.004538145	0.0494377736123792	0.004538145
15	0.0689341	188.241	0.003	0.0879904	0.0107246	188.1	0.00666666666666667	0.212857	0.0177396	0.756433	0.02	0.0298363374873592	0.003446705	0.0390977625126408	0.003446705
18	0.0552676	188.243	0.003	0.0768724	0.00937713	188.117	0.00666666666666667	0.185793	0.0161085	0.746124	0.02	0.0229563921653889	0.00276338	0.0323112078346111	0.00276338
21	0.0458661	188.245	0.003	0.0684127	0.00835448	188.13	0.00666666666666667	0.16472	0.014865	0.734716	0.02	0.0181907374845419	0.002293305	0.0276753625154581	0.002293305
24	0.0397349	188.247	0.003	0.0630058	0.00768602	188.14	0.00666666666666667	0.151044	0.0140724	0.72105	0.02	0.014895952128193	0.001986745	0.024838947871807	0.001986745
27	0.0350371	188.248	0.003	0.0580231	0.00703658	188.148	0.00666666666666667	0.137232	0.0130501	0.715894	0.02	0.0128550662850048	0.001751855	0.0221820337149952	0.001751855
30	0.0292493	188.246	0.003	0.0546599	0.00659465	188.152	0.00666666666666667	0.122394	0.0114743	0.71545	0.02	0.0107115751971818	0.001462465	0.0185377248028182	0.001462465
35	0.0220282	188.248	0.003	0.0479933	0.00572794	188.16	0.00666666666666667	0.104256	0.00995115	0.709774	0.02	0.00787660869264466	0.00110141	0.0141515913073553	0.00110141
40	0.0184627	188.248	0.003	0.0443879	0.00524042	188.167	0.00666666666666667	0.0932878	0.00910184	0.70406	0.02	0.00644353551842656	9.23135E-4	0.0120191644815734	9.23135E-4
45	0.0153475	188.248	0.003	0.0415774	0.00484076	188.171	0.00666666666666667	0.084391	0.00839338	0.703236	0.02	0.00533753734991581	7.67375E-4	0.0100099626500842	7.67375E-4
50	0.0131149	188.247	0.003	0.0391956	0.00449011	188.175	0.00666666666666667	0.0772717	0.007891	0.701627	0.02	0.00452985043701274	6.55745E-4	0.00858504956298726	6.55745E-4
55	0.0114135	188.247	0.003	0.0374597	0.00424858	188.177	0.00666666666666667	0.0707665	0.00729177	0.700844	0.02	0.00392900808156049	5.70675E-4	0.00748449191843951	5.70675E-4
60	0.00981184	188.246	0.003	0.0357992	0.00402479	188.18	0.00444444444444444	0.0655505	0.00685138	0.698045	0.02	0.00333734204260668	4.90592E-4	0.00647449795739332	4.90592E-4
70	0.0060383	188.244	0.003	0.0339687	0.00372427	188.182	0.00444444444444444	0.0562365	0.00595498	0.721184	0.02	0.0022649203572143	3.01915E-4	0.0037733796427857	3.01915E-4
75	0.00413515	188.244	0.003	0.0330992	0.00348179	188.183	0.00444444444444444	0.0536383	0.00602052	0.741563	0.02	0.00168630227569399	2.067575E-4	0.00244884772430601	2.067575E-4
80	0.0020379	188.241	0.003	0.032701	0.00341156	188.183	0.00444444444444444	0.0488883	0.00541945	0.791287	0.02	0.00100968280835217	1.01895E-4	0.00102821719164783	1.01895E-4
85	0.00157407	188.241	0.003	0.0325025	0.00327182	188.183	0.00444444444444444	0.0444847	0.00522752	0.849832	0.02	9.66102670180443E-4	7.87035E-5	6.07967329819557E-4	7.87035E-5
90	0.00246702	188.237	0.003	0.0338541	0.00330578	188.182	0.00444444444444444	0.0433929	0.00485947	0.873601	0.02	0.00164479598724833	1.23351E-4	8.22224012751666E-4	1.23351E-4
100	0.00266042	188.236	0.003	0.0331293	0.00321587	188.182	0.00444444444444444	0.0400114	0.00464619	0.884639	0.02	0.00184182536244543	1.33021E-4	8.18594637554567E-4	1.33021E-4
110	0.00175285	188.234	0.003	0.0306489	0.00294899	188.182	0.00444444444444444	0.0339936	0.00416163	0.865941	0.02	0.00113817662306908	8.76425E-5	6.14673376930924E-4	8.76425E-5
120	0.00327237	188.232	0.003	0.0305548	0.00291602	188.1822	0.00444444444444444	0.0331593	0.00415614	0.851522	0.02	0.00202045890371481	1.636185E-4	0.00125191109628519	1.636185E-4
140	0.00331962	188.229	0.003	0.0285209	0.00271506	188.182	0.00444444444444444	0.0288958	0.00385098	0.827335	0.02	0.00187989054874872	1.65981E-4	0.00143972945125128	1.65981E-4
160	0.00276538	188.227	0.003	0.0272403	0.00261644	188.182	0.00444444444444444	0.026702	0.00369392	0.82545	0.02	0.00155534641741776	1.38269E-4	0.00121003358258224	1.38269E-4
180	0.00221962	188.224	0.003	0.0255813	0.00247265	188.1817	0.00444444444444444	0.0246728	-0.00353832	0.82385	0.02	0.00124114655884355	1.10981E-4	9.78473441156451E-4	1.10981E-4
200	0.00193121	188.222	0.003	0.0253297	0.0024639	188.1814	0.00444444444444444	0.0239335	0.00347899	0.832031	0.02	0.00111236681579937	9.65605E-5	8.18843184200628E-4	9.65605E-5
