T	y0	y0_err	T1M	T1M_err	r	r_err	s	s_err	$\chi^2$
2.04	20.484351761634407	0.06419905941314817	0.055035255809447854	0.0006701881274359597	0.614573204083847	0.006178030210023394	0.842403555875795	0.004271090523720789	0.2631865272489269
2.28	16.507991624163505	0.05541101724370824	0.04835041263851021	0.000639256463798488	0.6269889293965388	0.007062257296177682	0.8221358847668474	0.004756303359615218	0.23466584360420725
2.69	11.425940825036184	0.04049777991884516	0.038898193452399824	0.0005304469114522046	0.5998838051491289	0.006971622992492162	0.9504580754103797	0.005698053660709496	0.14915756484093012
2.94	11.526392205308843	0.02486640152372952	0.03765641602185277	0.0003225643987807908	0.6106407071669223	0.004516200447556087	0.8737960305263897	0.003432119805666327	0.061413975571676285
3.15	9.571107095015618	0.03374851751342913	0.03629459340420453	0.0004975070946927273	0.6159233158266871	0.00735539078825907	0.9201687318855312	0.005732825541823151	0.12207389781825143
3.5	9.31105115673385	0.05844141843049572	0.03410617568208169	0.0006992729544824786	0.6226113827330113	0.01039539043072808	0.8757578459513864	0.007669745078418874	0.18280443571861466
3.75	7.678009093968953	0.034810282951874584	0.03313345326439943	0.0005991145052242851	0.6154520377124866	0.009770396089036817	0.9244978675449571	0.007635605842253876	0.15840576244451582
4.0	7.206016027164417	0.017403098265816184	0.03109830137528109	0.00028999631504937113	0.6337185519200936	0.005244209114540307	0.8754225351153079	0.0037859529419018213	0.03926319184748509
5.0	6.019159848778266	0.012909629071954696	0.029124622691028914	0.0002212750496463043	0.6450130756566067	0.004243511422981252	0.8646823014561704	0.002928874987587544	0.018920716206990765
6.0	4.642712336402961	0.01263415792962985	0.027759599933566293	0.00027232275587379023	0.6518365198781935	0.005610209414894678	0.8600047284654704	0.00378791509158677	0.02349826762330796
8.0	3.5789959237609246	0.011400282358757155	0.02631849006036063	0.0003123482974140775	0.6824181035881989	0.007363748223198627	0.8446749068908912	0.004486859854223325	0.027245801581432853
10.0	2.489093538336349	0.009699616392386283	0.02380189754629982	0.0003563865378707075	0.6757870561034491	0.00930210743315044	0.8718575576789459	0.005778899689622968	0.028745619671298888
12.0	2.07462341550502	0.005609995917385836	0.023908971471630697	0.0002554840905439034	0.7027518222048574	0.007041603003035973	0.843772060921517	0.003937806949909161	0.01186305174202388
15.0	1.534789440380949	0.006012637887335286	0.02299431847108797	0.0003630618336127413	0.7162185884167112	0.010781265393617222	0.8535185029463784	0.0057840467590373115	0.019536662750684747
18.0	1.2186157257736645	0.004497439966946106	0.0225448730436555	0.00034161151212078867	0.7238172563950395	0.010548966265132154	0.8539462226247219	0.005477328858201886	0.014002651863639496
21.0	1.0067805174242261	0.00413346079402513	0.02252049746802055	0.00038888071106764626	0.7295882955323381	0.012167477006014627	0.8490670495310746	0.0060738885613723734	0.01437779614617149
24.0	0.8882156040030298	0.0036362870775530102	0.021297349595535923	0.0003797303736130335	0.7290185601493709	0.012676626990951644	0.8667662314949135	0.006220230023976079	0.012793592866849817
27.0	0.7583753040609608	0.0026867071596116043	0.0216248249200764	0.00034457824928367357	0.7216454283450952	0.011071961169351512	0.8412252351207368	0.0053290357642728735	0.007958857716875597
30.0	0.6544514044943034	0.0033980202226587407	0.020477827577187118	0.00048469102150439265	0.733900413824441	0.017153409965625088	0.8349781661933553	0.007933599386368449	0.015255544754386676
35.0	0.4852689457639974	0.0027704223562218812	0.01983487718431966	0.0005228054055132145	0.7508476114829675	0.01992851557115268	0.8408850851343643	0.00878554549094658	0.01316034651795436
40.0	0.403501382679351	0.0021916935665992642	0.018224899563139572	0.00048432772826850014	0.7262759340270919	0.01947255521712919	0.8456710027707313	0.008761339587913523	0.009624207402886128
45.0	0.3366239234911218	0.0018345602284640821	0.01835233579007872	0.0004877020043017456	0.7416809656317652	0.020073774500488556	0.8478770502347126	0.008703150226601954	0.007823635892387555
50.0	0.2841015016732115	0.001886880699079289	0.017675826287718913	0.0005897279811614964	0.7255456894039964	0.02447771248098033	0.8561888692409895	0.010877231969494963	0.009358659132592378
55.0	0.24831079413333595	0.0013247694323362052	0.017578135529925737	0.0004851333933104438	0.7182228078871229	0.020000239524824666	0.8429813125109559	0.008769255783999065	0.005010846099835639
60.0	0.2143123632313687	0.0015883869935945409	0.017222366865728176	0.0006726161265841038	0.7500238053279418	0.030375944849507213	0.8361843405248386	0.012068514897728195	0.008363352776347841
70.0	0.1340928544666657	0.0011656814201018088	0.01590816974870409	0.0007419782634675755	0.68047269394729	0.03169461248763105	0.8455025591693293	0.015290344549473195	0.005192416824675809
75.0	0.08344239400719879	0.0007232714028021343	0.015946269611765117	0.0006684997030198412	0.7062791445574961	0.030280013893708695	0.8371351907704776	0.014982698668241203	0.0022980969395155343
80.0	0.04313790777012585	0.0003959267023166279	0.01580336603388883	0.00062626512370162	0.7165848606177366	0.02961009806838124	0.781191413151751	0.015722637040282962	0.0008570052803712865
85.0	0.03326037556622119	0.00043924383489875204	0.016140011487265356	0.0008102961029656702	0.7037608578872421	0.03638771546017357	0.8166678365674689	0.02275899763087041	0.0012514318386343867
90.0	0.03087391053427901	0.000301216244820518	0.015404729669648252	0.0005561483026269116	0.7005557479734192	0.026185169122179715	0.8017531032850997	0.017211557890099878	0.0006200745296849446
95.0	0.031310626809662186	0.0003125869988586517	0.015331346101767288	0.0005548262680135219	0.7203042101586695	0.02749557454071092	0.8021863451356845	0.01738919516872082	0.0007149618984294263
100.0	0.032307508910926416	0.0003477459544431909	0.015284883737196213	0.0005829523955248452	0.7417177280378615	0.03043193263780653	0.7957794336537294	0.018465494476174734	0.0009422741455364543
110.0	0.037954203149980895	0.00032428018891208664	0.015008548367154519	0.00048593289490538646	0.709103769296541	0.023958225941212698	0.8075365236552372	0.015145183688059961	0.0008356249589001954
115.0	0.04022688155397019	0.0004311482541089092	0.013980535132663723	0.0005792355621196836	0.7383797124471293	0.03307082893375899	0.8058713345110109	0.01919525799770122	0.0015580486274065534
120.0	0.04047446038525473	0.0003968696788940866	0.013495339204016066	0.0005355562445691701	0.7087668406615418	0.029724329317007154	0.8229144403706203	0.018308223503352716	0.0012873842757464905
130.0	0.04208815478863097	0.0003096224144042125	0.013295445849305702	0.00041378898947461086	0.7449062957176017	0.02530074001714584	0.8152972147136455	0.013419868384158677	0.0008385360001765498
140.0	0.04079173061505574	0.00031884732083513334	0.014564386286632775	0.000511106065027101	0.7694697848881191	0.029401250558263738	0.8135051447847709	0.013452369546423273	0.0009065804639973416
150.0	0.038271865206589865	0.0003220960291273755	0.01386389868299957	0.0005337280130787369	0.7905470937955725	0.03397861219246191	0.8217321132927919	0.014618281691288293	0.0009983737384582398
160.0	0.03461529291065037	0.00022433974583566742	0.01351432623562656	0.0004070958535511786	0.787533837164242	0.02655683650316269	0.8249896207447185	0.01140704857199227	0.0005085276936422039
170.0	0.031185192908858964	0.0004503102419061738	0.014816215264719802	0.0007047870682859681	0.8537947156046454	0.03930103192266785	0.8024063220668005	0.014820001138154572	0.0005210843896420706
180.0	0.02811464560778547	0.00017192863042102835	0.01330976516574121	0.0003880838822101759	0.8059989820919602	0.026710697812881715	0.8176111013197827	0.01069382416377107	0.0003442579651388986
200.0	0.022115146290939552	0.00021510022992575785	0.013110069361888604	0.0005822396866920649	0.8244652720428671	0.042319150592214805	0.8268751204077693	0.016949938882407083	0.000589115455738989
